   1.00000000000000       0.000000000000000E+000  0.000000000000000E+000
  0.999600386510815       3.995735291475323E-004  3.996002779318552E-008
  0.998404579004502       1.594782699261890E-003  6.382962279500175E-007
  0.996420453340077       3.576322809296773E-003  3.223850637047995E-006
  0.993660271119524       6.329570401892912E-003  1.015847860298160E-005
  0.990140596177526       9.834693477133758E-003  2.471034533707671E-005
  0.985882185605306       1.406679619102794E-002  5.101820366202956E-005
  0.980909856044576       1.899609697268892E-002  9.404698275526185E-005
  0.975252326123831       2.458813878992580E-002  1.595350862547717E-004
  0.968942036039956       3.080403009628062E-002  2.539338637443313E-004
  0.962014945413677       3.760071480437442E-002  3.843397819342681E-004
  0.954510310667753       4.493126945185581E-002  5.584198803793725E-004
  0.946470443290968       5.274522555812626E-002  7.843311509119278E-004
  0.937940450456830       6.098891501346024E-002  1.070634529719122E-003
  0.928967959566307       6.960583619792270E-002  1.426204235775408E-003
  0.919602828374511       7.853703839670893E-002  1.860133228795700E-003
  0.909896842444450       8.772152196190998E-002  2.381635593665884E-003
  0.899903401744579       9.709665156930126E-002  2.999946686133790E-003
  0.889677198270655       0.106598579833200       3.724221896127868E-003
  0.879273886626184       0.116162678473604       4.563434900191418E-003
  0.868841257333953       0.125637947435085       5.520795230950095E-003
  0.858255700481662       0.135129840275187       6.614459243162724E-003
  0.847661582593866       0.144490637973891       7.847779432233217E-003
  0.837115036930820       0.153656954691893       9.228008377280519E-003
  0.826671481746169       0.162566785682230       1.076173257161878E-002
  0.816493492194719       0.171064011885298       1.244249591996712E-002
  0.806417771051462       0.179284240901589       1.429798804694431E-002
  0.796602604590671       0.187075606713181       1.632178869616176E-002
  0.787097349655039       0.194385628591021       1.851702175395120E-002
  0.777949096871226       0.201165127710455       2.088577541833506E-002
  0.769296018932309       0.207295965851777       2.340801521590482E-002
  0.760987651932782       0.212888608440371       2.612373962683994E-002
  0.753160547668988       0.217826925455636       2.901252687538489E-002
  0.745850182471403       0.222077917376740       3.207190015186557E-002
  0.739088567622587       0.225613256260207       3.529817611719423E-002
  0.732904068016205       0.228409472445691       3.868645953811073E-002
  0.727346944651390       0.230463340595787       4.218971475282447E-002
  0.722376196668791       0.231744856602328       4.587894672889425E-002
  0.718042843943448       0.232248810509224       4.970834554734487E-002
  0.714359396865950       0.231972256939804       5.366834619423756E-002
  0.711334175748786       0.230917523976616       5.774830027460299E-002
  0.708971275200455       0.229092193081939       6.193653171760514E-002
  0.707270554250338       0.226509043686333       6.622040206331967E-002
  0.706227652208868       0.223185962847934       7.058638494318638E-002
  0.705834030090717       0.219145820617796       7.502014929149889E-002
  0.706077037271551       0.214416311974926       7.950665075351789E-002
  0.706724117956752       0.209325599663845       8.395028237939296E-002
  0.708167266502415       0.203341616200181       8.849111729740239E-002
  0.710184469584318       0.196778925262870       9.303660515280270E-002
  0.712747912259731       0.189682154470301       9.756993326996852E-002
  0.715826362456531       0.182099506508669       0.102074131034803     
  0.719385373020276       0.174082431513026       0.106532195466711     
  0.723387502646575       0.165685277759578       0.110927219593836     
  0.727792554296667       0.156964923015753       0.115242522687571     
  0.732557829590514       0.147980389022900       0.119461781386595     
  0.737638397579110       0.138792441698987       0.123569160721888     
  0.742987376213522       0.129463179744322       0.127549444042146     
  0.748556224753371       0.120055614412572       0.131388160834066     
  0.754295045295451       0.110633243270098       0.135071711434440     
  0.760167803586678       0.101361380263663       0.138470816149666     
  0.766071880213128       9.212155726166506E-002  0.141806562525193     
  0.771991152684110       8.305561448519296E-002  0.144953232830683     
  0.777873555658045       7.422456829105921E-002  0.147901876050884     
  0.783667243298123       6.568780478251517E-002  0.150644951919379     
  0.789320904382892       5.750267881945977E-002  0.153176416797641     
  0.794784072977395       4.972412689679678E-002  0.155491800125813     
  0.800007432752481       4.240429652333186E-002  0.157588270724200     
  0.804262060591037       3.642224604102784E-002  0.159315693367949     
  0.808847121529339       3.017830434064971E-002  0.160974574130016     
  0.813055470218995       2.452735264894008E-002  0.162417177132062     
  0.816845339703694       1.950700768023806E-002  0.163647652616049     
  0.820177467103326       1.515058965266921E-002  0.164671943243991     
  0.823015322389699       1.148689912029544E-002  0.165497778489989     
  0.825325319316173       8.540024674797853E-003  0.166134656009043     
  0.827077007243526       6.329182835151604E-003  0.166593809921331     
  0.828243242731393       4.868591221138618E-003  0.166888166047468     
  0.828800339896839       4.167375875478798E-003  0.167032284227672     
  0.828022278860166       5.091781278122903E-003  0.166885939861697     
  0.827296080661505       5.920279055182120E-003  0.166783640283328     
  0.825913461073583       7.501983247992004E-003  0.166584555678438     
  0.823865660905838       9.825419012916907E-003  0.166308920081234     
  0.821147775065616       1.287409996725921E-002  0.165978124967107     
  0.817758762657181       1.662664485352390E-002  0.165614592489308     
  0.813001460898841       2.177375413194064E-002  0.165224784969229     
  0.808285828029163       2.683486151641988E-002  0.164879310454421     
  0.802920722090426       3.250599574639956E-002  0.164573282163161     
  0.796920150066950       3.874813529185343E-002  0.164331714641198     
  0.790301670184792       4.551843392749510E-002  0.164179895887699     
  0.783086264805128       5.277051579731096E-002  0.164143219397571     
  0.774733085039105       6.117679864618431E-002  0.164090116314715     
  0.766399258251909       6.923828882875757E-002  0.164362452919343     
  0.757552257898373       7.762224595184643E-002  0.164825496149772     
  0.748225101931850       8.627159945372359E-002  0.165503298614433     
  0.738453303033652       9.512754790146910E-002  0.166419149064881     
  0.728274637705316       0.104129959339723       0.167595402954975     
  0.717728903061732       0.113217779978455       0.169053316959820     
  0.706857662956439       0.122329448405584       0.170812888637993     
  0.695281018770690       0.131995776666457       0.172723204562840     
  0.683574350982620       0.141256634600179       0.175169014417213     
  0.671524343254290       0.150635468870453       0.177840187875250     
  0.659821207106981       0.159199117451801       0.180979675441212     
  0.648020587660715       0.167483299568508       0.184496112770775     
  0.636168793679557       0.175432292031894       0.188398914288545     
  0.624311953335169       0.182992695946058       0.192695350718757     
  0.612495738831348       0.190113792954049       0.197390468214603     
  0.600765096156938       0.196747882720529       0.202487021122538     
  0.589163981603510       0.202850599439311       0.207985418957163     
  0.577735106623013       0.208381205306548       0.213883688070422     
  0.566182595813226       0.213801523013206       0.220015881173570     
  0.555215829232627       0.218093441032523       0.226690729734849     
  0.544234304482867       0.222198925278404       0.233566770238716     
  0.533879246025457       0.225140772375448       0.240979981599103     
  0.523883671810229       0.227369734629136       0.248746593560635     
  0.514278225143379       0.228871320306148       0.256850454550473     
  0.505090864041610       0.229635940390865       0.265273195567523     
  0.496346718732517       0.229658966701833       0.273994314565646     
  0.488067967648096       0.228940756911106       0.282991275440789     
  0.480273732488305       0.227486646388360       0.292239621123332     
  0.472979992808349       0.225306907005895       0.301713100185754     
  0.465895108057853       0.223031755178079       0.311073136764075     
  0.459630655989908       0.219467436011101       0.320901907999002     
  0.453895613327584       0.215236213651597       0.330868173020828     
  0.448771395196491       0.210917012739152       0.340311592064361     
  0.444088792943433       0.205474875506586       0.350436331549988     
  0.439769609032019       0.199946335116132       0.360284055851849     
  0.436128541971335       0.193430354927850       0.370441103100822     
  0.432998227113237       0.186432996859547       0.380568776027221     
  0.430366074790685       0.179001553903987       0.390632371305332     
  0.428216587682125       0.171186205834252       0.400597206483622     
  0.426615312663283       0.163299656897951       0.410085030438773     
  0.425368199196154       0.154885874883742       0.419745925920114     
  0.424541645351681       0.146251443236863       0.429206911411457     
  0.423752009408336       0.138249193422616       0.437998797169059     
  0.423679237218159       0.129364117149472       0.446956645632370     
  0.423944350004337       0.120434109872576       0.455621540123084     
  0.424327033359358       0.112119163907397       0.463553802733255     
  0.425170342187134       0.103291981987836       0.471537675825036     
  0.426251732944190       9.459988118968682E-002  0.479148385866134     
  0.427453663169804       8.659412119354952E-002  0.485952215636650     
  0.428512376005240       7.922758751338303E-002  0.492260036481373     
  0.430078685712129       7.129993394480687E-002  0.498621380343056     
  0.431625961635049       6.475053617297828E-002  0.503623502191975     
  0.433328860572402       5.760858595772968E-002  0.509062553469849     
  0.435051188058008       5.091941148209205E-002  0.514029400459890     
  0.436481097550622       4.545294267494438E-002  0.518065959774429     
  0.438137276594599       3.980273151939310E-002  0.522059991885993     
  0.439703483213305       3.472937763225688E-002  0.525567139154446     
  0.441144903568050       3.026687426288707E-002  0.528588222169048     
  0.442427875024975       2.644508728535692E-002  0.531127037689662     
  0.443520084473412       2.328955243541510E-002  0.533190363091182     
  0.444118367377829       2.151495384067484E-002  0.534366678781482     
  0.444455333998176       2.044072400583251E-002  0.535103941995988     
  0.444798447483566       1.936730653190315E-002  0.535834245984539     
  0.444841666700997       1.901134152910990E-002  0.536146991769902     
  0.444164067437401       2.030911675597763E-002  0.535526815806623     
  0.443144103806498       2.231723443832074E-002  0.534538661755178     
  0.442158402883607       2.409650452475425E-002  0.533745092591654     
  0.440687840529424       2.710884088514658E-002  0.532203318585445     
  0.438925218865665       3.026130117038086E-002  0.530813479963954     
  0.436371356857038       3.489533297793959E-002  0.528733310165023     
  0.433440566268677       4.021752156036819E-002  0.526341912170945     
  0.430475752192642       4.522181350320442E-002  0.524302434304141     
  0.426736300667892       5.167001768254348E-002  0.521593681649552     
  0.422950462327862       5.774070312546375E-002  0.519308834546689     
  0.418756619866427       6.428638820893441E-002  0.516956991924640     
  0.414159611551900       7.126251045560286E-002  0.514577877992491     
  0.409166739599692       7.862160701114877E-002  0.512211653389174     
  0.403185574483686       8.765917332316500E-002  0.509155252193138     
  0.397459566562922       9.558917541342818E-002  0.506951258023645     
  0.391375931087150       0.103743634186432       0.504880434726418     
  0.384950775927912       0.112067198292903       0.502982025779196     
  0.377915221966664       0.121295515714070       0.500789262319272     
  0.370592080010781       0.130556986057080       0.498850933932136     
  0.362657761014223       0.140544830534288       0.496797408451503     
  0.355095040800395       0.148930803655913       0.495974155543683     
  0.347057708553659       0.157941516529463       0.495000774916878     
  0.338833788526294       0.166753331816641       0.494412879657059     
  0.330676087788651       0.174582784196229       0.494741128015113     
  0.322371246080354       0.182121904651721       0.495506849267941     
  0.313537505187322       0.190740500435402       0.495721994377276     
  0.304839099262195       0.198237615760690       0.496923284977127     
  0.296280823543727       0.204587432698357       0.499131743757926     
  0.287691316720064       0.210454130464987       0.501854552814948     
  0.279098461472530       0.215798329086834       0.505103209440651     
  0.270317277619648       0.221228341958867       0.508454380421498     
  0.261800842715409       0.225429596735100       0.512769560549490     
  0.253220181678247       0.229686186265525       0.517093632056229     
  0.244890508046077       0.232626293349987       0.522483198603936     
  0.236690403021420       0.234903157934553       0.528406439044026     
  0.228382308329515       0.237779706163863       0.533837985506626     
  0.220512140314642       0.238703694964929       0.540784164720425     
  0.212839407402104       0.238932055734641       0.548228536863264     
  0.205276589102829       0.239144262437623       0.555579148459540     
  0.197836689853987       0.238520993715151       0.563642316430858     
  0.191317431285116       0.236674368491626       0.572008200223253     
  0.184640071192826       0.234137841686479       0.581222087120690     
  0.179096268047229       0.230268933480699       0.590634798472070     
  0.172980693200596       0.226458805426061       0.600560501373343     
  0.167075447567869       0.222760747978919       0.610163804453209     
  0.161562732264067       0.217775915531976       0.620661352203942     
  0.156360329633891       0.212246571984327       0.631393098381799     
  0.151471416857886       0.206210161363557       0.642318421778547     
  0.146962620505076       0.200861087501099       0.652176291993828     
  0.143968795890739       0.195101173517526       0.660930030591726     
  0.140007296027659       0.189204050806457       0.670788653165892     
  0.136375268431731       0.181649782994476       0.681974948573791     
  0.133046490279782       0.173817662399343       0.693135847320880     
  0.129938564623494       0.166569763646916       0.703491671729581     
  0.127272745437220       0.158954671705334       0.713772582857454     
  0.124885535733144       0.151247779788780       0.723866684478071     
  0.122674915415834       0.142890639096377       0.734434445487798     
  0.120809595109569       0.135152315106090       0.744038089784356     
  0.119182320656765       0.127491575777929       0.753326103565305     
  0.117777293186453       0.119964374774579       0.762258332038972     
  0.117893744598127       0.112225829229633       0.769880426172243     
  0.116870055558230       0.105143811831516       0.777986132610271     
  0.115918758792245       9.769315637932487E-002  0.786388084828447     
  0.115122025971391       9.056470728151192E-002  0.794313266747113     
  0.114728468140023       8.427547466018089E-002  0.800996057199798     
  0.114120857489390       7.884757254221696E-002  0.807031569968376     
  0.113865800902967       7.435405355472591E-002  0.811780145542304     
  0.113521519450161       6.897666241727257E-002  0.817501818132577     
  0.113244271492512       6.412991376144229E-002  0.822625814746031     
  0.113290244042981       6.112734791513801E-002  0.825582408041888     
  0.113103991258744       5.742932474010345E-002  0.829466684001157     
  0.112866921269780       5.529271071817507E-002  0.831840368012033     
  0.112633072930867       5.379200256108264E-002  0.833574924508040     
  0.112454813193545       5.199046810275409E-002  0.835554718703687     
  0.112250634284804       5.084857148343545E-002  0.836900794231767     
  0.112007059984313       5.037406445727478E-002  0.837618875558412     
  0.111743528721981       5.133896953359071E-002  0.836917501744426     
  0.111331498719115       5.314467567976520E-002  0.835523825601105     
  0.110908743712610       5.466125342185956E-002  0.834430002865547     
  0.110403931683997       5.682792677970660E-002  0.832768141536282     
  0.109881407925841       6.121977832772550E-002  0.828898813746425     
  0.109125779465925       6.555954284977908E-002  0.825314677684294     
  0.108275118879311       7.047049059614260E-002  0.821254390524548     
  0.107374319079986       7.500700621996065E-002  0.817618674700057     
  0.106367135464458       8.006890016120444E-002  0.813563964374347     
  0.105251322841951       8.562176507419243E-002  0.809126912083863     
  0.104025801644999       9.162783898998983E-002  0.804346359365009     
  0.102690633572702       9.804626113148789E-002  0.799263105295825     
  0.101361938319825       0.106231673375931       0.792406388304240     
  9.983168772016887E-002  0.113292243152813       0.786876069127009     
  9.812274197796478E-002  0.122254295030102       0.779622962991922     
  9.640888352344032E-002  0.129779366751533       0.773811749725044     
  9.460508995749792E-002  0.137471225166634       0.767923684875871     
  9.271704633437367E-002  0.145277471194889       0.762005482470747     
  9.075117278940013E-002  0.153144920061137       0.756103907149468     
  8.895502989504303E-002  0.161394522918265       0.749650447186685     
  8.680607234734800E-002  0.170725810423677       0.742468117228962     
  8.468144687679946E-002  0.178394453559685       0.736924099563528     
  8.246130711257334E-002  0.188184219968846       0.729354472918584     
  8.014698458939448E-002  0.196913253724754       0.722939761685851     
  7.794670517696803E-002  0.203911990105241       0.718141304717781     
  7.573392915331224E-002  0.210603255901678       0.713662814945015     
  7.351753191279964E-002  0.216941508744503       0.709540959342688     
  7.130632209628379E-002  0.222883622171791       0.705810055731924     
  6.910896100888052E-002  0.228389179643762       0.702501859347359     
  6.679204266778822E-002  0.234386337690701       0.698821619641528     
  6.465481409788078E-002  0.238889829496271       0.696455356405862     
  6.255790740483758E-002  0.242851470582526       0.694590622012627     
  6.054929481368589E-002  0.246943567471055       0.692507137715267     
  5.855937911491547E-002  0.249736342116668       0.691704278768405     
  5.661310730615150E-002  0.252574284787622       0.690812607906213     
  5.479608634439785E-002  0.254827495183907       0.690376418471702     
  5.300993982486723E-002  0.255744966493667       0.691245093681473     
  5.130221427482477E-002  0.256017713775511       0.692680071949649     
  4.972585051921610E-002  0.256339260749361       0.693934888731430     
  4.818843722867387E-002  0.255319200915356       0.696492361855981     
  4.673895958992515E-002  0.253660951742679       0.699600088667395     
  4.537865824238838E-002  0.251375857632841       0.703245484124766     
  4.415343326367879E-002  0.249103822103032       0.706742744633278     
  4.296501801979823E-002  0.245631441756285       0.711403540223928     
  4.186535127108337E-002  0.241591540065940       0.716543108662962     
  4.092506367284734E-002  0.237630493528677       0.721444442798473     
  3.998916032594138E-002  0.232559627246869       0.727451212427191     
  3.926942959869266E-002  0.228379350575271       0.732351219826021     
  3.848769302495406E-002  0.222421921169739       0.739090385805303     
  3.778194452171548E-002  0.216067364339630       0.746150691138657     
  3.714779943297616E-002  0.209358745482565       0.753493455084475     
  3.658045024485906E-002  0.202341514290942       0.761078035464188     
  3.614668652002174E-002  0.196653560087263       0.767199753392713     
  3.587629569503076E-002  0.190604813134350       0.773518891170628     
  3.547634127754607E-002  0.182989869952042       0.781533788770419     
  3.572136747140211E-002  0.175513892859869       0.788764739668717     
  3.544025071018803E-002  0.168567434583152       0.795992314706650     
  3.674740901237757E-002  0.162738032316220       0.800514558671394     
  3.709152866035716E-002  0.155307961405166       0.807600509934468     
  3.748109056664947E-002  0.148751949624429       0.813766959808936     
  3.734259530125528E-002  0.142126322796942       0.820531081901819     
  3.803610043733090E-002  0.134013318878853       0.827950580683817     
  3.789242472933654E-002  0.126960566161642       0.835147009109041     
  3.778409521551227E-002  0.121090135330077       0.841125769454424     
  3.786172335913672E-002  0.115312696831773       0.846825579809096     
  3.776252456408727E-002  0.110171583343452       0.852065892092451     
  3.784746505756706E-002  0.105199269558331       0.856953265384089     
  3.818847050928254E-002  0.100473681412640       0.861337848078087     
  3.848456167647181E-002  9.619097878218540E-002  0.865324459541356     
  3.876958430650452E-002  9.242724704300664E-002  0.868803168650475     
  3.884633906125703E-002  8.944984748631987E-002  0.871703813452433     
  3.871432217247379E-002  8.635445804901830E-002  0.874931219778527     
  3.857913692913302E-002  8.384240638586321E-002  0.877578456684998     
  3.886408014111939E-002  8.430566725500895E-002  0.876830252603866     
  3.839351546931616E-002  8.386794084232403E-002  0.877738543688356     
  3.900692184791030E-002  8.507737966485360E-002  0.875915698487225     
  3.925343900770248E-002  8.548401636947385E-002  0.875262544622838     
  4.008228510113752E-002  8.637941147516284E-002  0.873538303423688     
  4.003210821966523E-002  8.749352222889024E-002  0.872474369551453     
  4.031307472201762E-002  8.974313589089344E-002  0.869943789387088     
  4.037227347125726E-002  9.295278760953819E-002  0.866674938919186     
  4.059955462548134E-002  9.651288285512995E-002  0.862887562519379     
  4.095743046625380E-002  0.102451510859635       0.856591058674096     
  4.144023554936826E-002  0.106857924054582       0.851701840396052     
  4.176145012293463E-002  0.112105810924881       0.846132738952191     
  4.221034603268517E-002  0.118689418520787       0.839100235446539     
  4.266518249679991E-002  0.123880770722223       0.833454046780980     
  4.332603713706374E-002  0.130181860063922       0.826492102799002     
  4.426918798222874E-002  0.136586938320944       0.819143873696818     
  4.588245849598569E-002  0.142033787720770       0.812083753783256     
  4.693215251977610E-002  0.150936421542347       0.802131425937867     
  4.807786178524714E-002  0.159029543088920       0.792892595125839     
  4.928742085361971E-002  0.166677874791184       0.784034704355205     
  5.064828273980958E-002  0.174419315948115       0.774932401312087     
  5.211459649318088E-002  0.181398638760759       0.766486764746071     
  5.379450066874748E-002  0.189197464122866       0.757008035208386     
  5.592726710457031E-002  0.196496640315158       0.747576092580283     
  5.792956564936796E-002  0.204049009786381       0.738021424564237     
  6.010374995755027E-002  0.211467293180519       0.728428956861937     
  6.279203937390163E-002  0.218419709955954       0.718788250670149     
  6.529414408824034E-002  0.225692526156380       0.709013329755371     
  6.802531398188456E-002  0.231706126599150       0.700268559418958     
  7.224226989315191E-002  0.239485589244779       0.688272140862072     
  7.539091873568005E-002  0.244727478374279       0.679881602890026     
  7.868343640421037E-002  0.250277461532164       0.671039102063635     
  8.219635643764465E-002  0.254733148765797       0.663070494796566     
  8.668968161085704E-002  0.260705699345420       0.652604619043726     
  9.052921753269566E-002  0.264843068185877       0.644627714281428     
  9.462364175083963E-002  0.268498300734426       0.636878057514740     
  9.885063585057471E-002  0.270940842589468       0.630208521559951     
  0.103725964883884       0.272894534623014       0.623379500493088     
  0.108095858330509       0.275566743228367       0.616337398441130     
  0.113158884988464       0.275982131813138       0.610858983198385     
  0.117906470422377       0.276257540585694       0.605835988991921     
  0.123203042039634       0.276620372059526       0.600176585900846     
  0.128203656812879       0.276138554470055       0.595657788717068     
  0.133219152039881       0.275404816426437       0.591376031533672     
  0.138865441829955       0.273406707604653       0.587727850565400     
  0.143915710853098       0.271565495438464       0.584518793708437     
  0.149049554646128       0.269269285209324       0.581681160144550     
  0.155031655721648       0.265128315294398       0.579840028983942     
  0.160050984504251       0.262577072958175       0.577371942537568     
  0.165090210165982       0.258900925499282       0.576008864334737     
  0.170084521403152       0.254835933194634       0.575079545402224     
  0.175107303282410       0.249765537852931       0.575127158864656     
  0.180064540442003       0.244356437674618       0.575579021883380     
  0.184856385697585       0.239294720645475       0.575848893656939     
  0.189618450872883       0.233341435822569       0.577040113304551     
  0.194267215976902       0.227165924683084       0.578566859340009     
  0.198787677482701       0.220810200905173       0.580402121612135     
  0.203165493770518       0.214317495530319       0.582517010699163     
  0.207325708260752       0.208380248657640       0.584294043081606     
  0.211363281050690       0.201769048783990       0.586867670165325     
  0.215952215128449       0.194545837823623       0.589501947047924     
  0.219381944508705       0.190091151422588       0.590526904068702     
  0.222826567199857       0.183642054400945       0.593531378399197     
  0.225728084082440       0.178079490355079       0.596192425562468     
  0.228758910916160       0.171923736299952       0.599317352783885     
  0.232023306538388       0.166116102666262       0.601860590795354     
  0.234441427157149       0.161296413002466       0.604262159840395     
  0.236805532970819       0.156535179117544       0.606659287911631     
  0.238761969048548       0.152363759475973       0.608874271475476     
  0.240684890723706       0.147658769789546       0.611656339486759     
  0.242388149622842       0.143343163614392       0.614268686762773     
  0.243875403293848       0.139446205597399       0.616678391108758     
  0.245101924923814       0.138095144543653       0.616802930532527     
  0.246209521586665       0.135729345650473       0.618061132762867     
  0.247408444751179       0.133532867704875       0.619058687543948     
  0.248128212739667       0.131509183748615       0.620362603511718     
  0.248676993640453       0.129997725115059       0.621325281244481     
  0.249067392748175       0.129008657011755       0.621923950240069     
  0.249118644824350       0.129467917036590       0.621413438139051     
  0.249398748150583       0.130060438257714       0.620540813591702     
  0.249404777556686       0.130652159972000       0.619943062471313     
  0.248937410739108       0.133589337420323       0.617473251840566     
  0.248602097918657       0.137427644390054       0.613970257691290     
  0.249142129224372       0.138739833060032       0.612118037715605     
  0.249113044216757       0.141695569488844       0.609191386294407     
  0.249076746731880       0.145093923927937       0.605829329340177     
  0.248914926810485       0.148467673218133       0.602617399971382     
  0.248422571573487       0.154644959262967       0.596932469163546     
  0.248313082617216       0.160095648637606       0.591591268745190     
  0.248354845613967       0.164544733286659       0.587100421099380     
  0.248606846244837       0.169243956158140       0.582149197597019     
  0.248702036110247       0.175149342909081       0.576148620980683     
  0.248954843011798       0.181277404432227       0.569767752555972     
  0.250205739445556       0.186320131523773       0.563474129030665     
  0.250970275204736       0.191997501107698       0.557032223687568     
  0.252059147093670       0.198193063651768       0.549747789254554     
  0.253046684040543       0.205450915300921       0.541502400658535     
  0.254643791088638       0.211694648813672       0.533661560097690     
  0.256387728177350       0.217565613454741       0.526046658367909     
  0.258404046405604       0.223409545678167       0.518186407916230     
  0.260706068418074       0.229186073356279       0.510107858225658     
  0.263305666213039       0.234855275069516       0.501839058717434     
  0.265987018214317       0.241173680267378       0.492839301518315     
  0.269070622315120       0.247203834021107       0.483725543663775     
  0.272642163644996       0.252282043019131       0.475075793335883     
  0.276732379653941       0.257291553453904       0.465976066892156     
  0.280819196501600       0.262455507679199       0.456725295819203     
  0.286016930614826       0.265987873798909       0.447995195586274     
  0.291733603724894       0.268972373187180       0.439294023087928     
  0.296809156544279       0.273035920178160       0.430154923277562     
  0.302449612032080       0.276754244666162       0.420796143301755     
  0.308605643504541       0.279339182220079       0.412055174275376     
  0.315087194537745       0.281437141620278       0.403475663841977     
  0.321615991433910       0.283008184556647       0.395375824009435     
  0.328427291133390       0.284115814373566       0.387456894493049     
  0.335787201292649       0.284747706443861       0.379465092263484     
  0.343121655990595       0.284887267585140       0.371991076424265     
  0.350687564673925       0.284551812845645       0.364760622480437     
  0.358464989507613       0.283743499650903       0.357791510841489     
  0.366200751215433       0.283077105918585       0.350722142865981     
  0.374098245616519       0.281938246041001       0.343963508342483     
  0.381963404706723       0.280394413303071       0.337642181990210     
  0.390243666663594       0.278342410182009       0.331413923154394     
  0.398716825540985       0.275291385539442       0.325991788919573     
  0.407846411040764       0.271922245272039       0.320231343687207     
  0.416413264254391       0.268121997804387       0.315464737941228     
  0.425440874268254       0.264422296813064       0.310136828918681     
  0.434308870293927       0.259867914521925       0.305823215184149     
  0.442807101718910       0.255130810028822       0.302062088252256     
  0.451962350070786       0.249571989922993       0.298465660006227     
  0.461066392472313       0.243558925934859       0.295374681592820     
  0.469242186610699       0.238162897004087       0.292594916385215     
  0.477256206718249       0.232622854712388       0.290120938569353     
  0.485081560111698       0.226976555795676       0.287941884092625     
  0.492692206507060       0.221262462212172       0.286045331280771     
  0.500063120579685       0.215519476823111       0.284417402597202     
  0.506723529003019       0.210451903175452       0.282824567821528     
  0.513523481932902       0.204792917570061       0.281683600497038     
  0.520016781258944       0.199221542538688       0.280761676202362     
  0.525729763171620       0.194532559013957       0.279737677814434     
  0.531558441862263       0.189243883525405       0.279197674612334     
  0.536702260043607       0.185081835013463       0.278215904942929     
  0.541802960962054       0.180218175356221       0.277978863681735     
  0.546522399964858       0.175615305660219       0.277862294374924     
  0.550850790785916       0.171304330734927       0.277844878479163     
  0.555569576052060       0.166621143093195       0.277809280854744     
  0.557972407100879       0.164755471489584       0.277272121409526     
  0.561820578585918       0.160775045010582       0.277404376403506     
  0.564502749110716       0.157928817580531       0.277568433308748     
  0.566779550006653       0.155494282662922       0.277726167330425     
  0.568655049239572       0.153487639414273       0.277857311346158     
  0.570135647405882       0.151922153775101       0.277942198819015     
  0.571809596226013       0.150153464163546       0.278036939610438     
  0.572543665939455       0.149477594354538       0.277978739706012     
  0.572386093593745       0.150095566328944       0.277518340077311     
  0.572424472027734       0.150333065503117       0.277242462469146     
  0.571608696088335       0.151855530785882       0.276535773125785     
  0.570337222989052       0.154552965763829       0.275109811247118     
  0.569470264858879       0.156121683265779       0.274408051875348     
  0.568338425226112       0.158124242048124       0.273537332725763     
  0.566965952539481       0.160546498750295       0.272487548710224     
  0.565378578141647       0.163371444702052       0.271249977156299     
  0.563603368313890       0.166579323212779       0.269817308473340     
  0.561668567155490       0.170147765629709       0.268183667214808     
  0.559603431207157       0.174051945243291       0.266344623549543     
  0.557841776823304       0.177889659936300       0.264268563240384     
  0.556118099487486       0.182130395276764       0.261751505235742     
  0.553341222210303       0.187655407879589       0.259003369910111     
  0.551557119311178       0.192462273231799       0.255980607457016     
  0.549125420937719       0.197947059807396       0.252927519254878     
  0.547779244620504       0.202624657298976       0.249596098080511     
  0.545500166267724       0.208335314709657       0.246164519022623     
  0.543363463263813       0.214069599068528       0.242566937667654     
  0.541548584782517       0.219502196397387       0.238949218820096     
  0.539911956516140       0.224926642688859       0.235161400795014     
  0.539182030745348       0.229782471357826       0.231035497896828     
  0.537967544710501       0.235092215642916       0.226940239646579     
  0.536620503387523       0.240882805934862       0.222496690677616     
  0.535965276551218       0.245887021594064       0.218147701854711     
  0.535433928946140       0.251068167325514       0.213497903728337     
  0.536052207550231       0.255007518348914       0.208940274100856     
  0.536370799482579       0.259312524170204       0.204316676347218     
  0.536995761793540       0.263458023528874       0.199546214677585     
  0.538052200207458       0.267143045664551       0.194804754127994     
  0.539467754455537       0.270575440678432       0.189956804866030     
  0.540976361872030       0.273927141979212       0.185096496148764     
  0.543215283167162       0.276508078297477       0.180276638535363     
  0.545571016957064       0.279167896882034       0.175261086160906     
  0.548216065153941       0.281341102428934       0.170442832417128     
  0.551656467041266       0.282667031036854       0.165676501921881     
  0.555485404101588       0.283567141429965       0.160947454468450     
  0.559696440744311       0.284035288476224       0.156268270779461     
  0.564280669129892       0.284068289410897       0.151651041459221     
  0.569226751967072       0.283665943420021       0.147107304612913     
  0.574567622310721       0.283247506968883       0.142184870720390     
  0.580700124075929       0.282027439383165       0.137272436540896     
  0.586636350907522       0.280339979494736       0.133023669597749     
  0.592866921599981       0.278242456839614       0.128890621560403     
  0.599478989377270       0.276087711188993       0.124433299433747     
  0.606253537080128       0.273179739265394       0.120566723654484     
  0.613250785490206       0.269911835036080       0.116837379473724     
  0.620443029466017       0.266306330339516       0.113250640194464     
  0.627801129759985       0.262387847226890       0.109811023013132     
  0.635294682852782       0.258183127024720       0.106522190122493     
  0.642892198918852       0.253720845061548       0.103386956019608     
  0.650561286840242       0.249031412355076       0.100407300804680     
  0.658375997978130       0.244027873471915       9.759612854995325E-002
  0.666075812244821       0.238990290776348       9.493389697882706E-002
  0.673905826120023       0.234105952313306       9.198822156666635E-002
  0.681521302793781       0.228833487288822       8.964520991740169E-002
  0.689796848612619       0.222814862293437       8.738828909394096E-002
  0.697177536059322       0.217462147714742       8.536031622593389E-002
  0.704393942827369       0.212126209725893       8.347984744674210E-002
  0.711413627907266       0.206843180033421       8.174319205931925E-002
  0.718257134756453       0.201586605426583       8.015625981695990E-002
  0.724755360751494       0.196640620324270       7.860401892423376E-002
  0.730871903611780       0.191680942159908       7.744715422831686E-002
  0.736820847788621       0.186902429263916       7.627672294745827E-002
  0.743050665768633       0.182010125208634       7.493920902273332E-002
  0.748267265479122       0.177742252014993       7.399048250587979E-002
  0.753094227687730       0.173757202817876       7.314856949439270E-002
  0.757511091227474       0.170081641857669       7.240726691485252E-002
  0.761499571680826       0.166740095249784       7.176033306939641E-002
  0.765043672614621       0.163754786007666       7.120154137771677E-002
  0.768810749417681       0.160445469486390       7.074378109591772E-002
  0.771434440959639       0.158217753450384       7.034780558998514E-002
  0.773580829624323       0.156397798717871       7.002137165780306E-002
  0.775243855258397       0.154997377485447       6.975876725614936E-002
  0.776420082984787       0.154025390322611       6.955452669259582E-002
  0.777691832168748       0.152947905605843       6.936026222541712E-002
  0.777802533566946       0.152957304543129       6.924016188991269E-002
  0.777518544554480       0.153307395858710       6.917405958682493E-002
  0.776608312857727       0.154717177262233       6.867450988005419E-002
  0.775394337630919       0.155913572417542       6.869208995152651E-002
  0.773730453457318       0.157525760496945       6.874378604574514E-002
  0.771631276555542       0.159542126404516       6.882659703994147E-002
  0.769113765743279       0.161948315998518       6.893791825820429E-002
  0.766197121100264       0.164727337299208       6.907554160053789E-002
  0.763857706244394       0.167049448619400       6.909284513619826E-002
  0.760210874218165       0.170509334453645       6.927979132818732E-002
  0.756233770543945       0.174278225918946       6.948800353712101E-002
  0.751953279557540       0.178329957009436       6.971676343301185E-002
  0.747397838552990       0.182636467546614       6.996569390040179E-002
  0.742597267425190       0.187167996574021       7.023473600079509E-002
