   1.00000000000000       0.000000000000000E+000  0.000000000000000E+000
  0.999600386510795       3.995735291475442E-004  3.996002779317787E-008
  0.998404579004413       1.594782699262186E-003  6.382962279500104E-007
  0.996420453340060       3.576322809297076E-003  3.223850637047773E-006
  0.993660271119389       6.329570401894070E-003  1.015847860298333E-005
  0.990140596177439       9.834693477132322E-003  2.471034533707572E-005
  0.985882185605220       1.406679619103026E-002  5.101820366203506E-005
  0.980909856044650       1.899609697269068E-002  9.404698275527435E-005
  0.975252326123775       2.458813878993035E-002  1.595350862548112E-004
  0.968942036039910       3.080403009628245E-002  2.539338637443599E-004
  0.962014945413720       3.760071480437981E-002  3.843397819341944E-004
  0.954510310667779       4.493126945186204E-002  5.584198803792661E-004
  0.946470443290946       5.274522555811752E-002  7.843311509121394E-004
  0.937945352658255       6.098411956888371E-002  1.070527772844099E-003
  0.928973272861552       6.960066546927565E-002  1.426061668938689E-003
  0.919608512804974       7.853153868702469E-002  1.859948507875033E-003
  0.909902856151277       8.771574172858446E-002  2.381402120029568E-003
  0.899917434250061       9.708320630117941E-002  2.999359448683500E-003
  0.889700347189830       0.106576524516015       3.723128294296296E-003
  0.879297966636088       0.116139930907982       4.562102455879568E-003
  0.868813528917846       0.125663983021331       5.522488060782149E-003
  0.858237696843794       0.135146435347807       6.615867808333822E-003
  0.847663433333097       0.144488654576479       7.847912090254082E-003
  0.837139640957859       0.153634020755945       9.226338286184582E-003
  0.826696846484831       0.162543386489491       1.075976702566727E-002
  0.816424472357207       0.171124251687768       1.245127595502754E-002
  0.806360091229709       0.179333199641809       1.430670912853372E-002
  0.796555422467892       0.187114319433129       1.633025809890007E-002
  0.787051871846360       0.194421516209846       1.852661194371148E-002
  0.777920982562920       0.201184519614118       2.089449782291784E-002
  0.769199384165087       0.207366346600398       2.343426923463992E-002
  0.760931813709390       0.212923429974958       2.614475631580847E-002
  0.753154033871041       0.217818977767291       2.902698836172837E-002
  0.745859199259883       0.222056582041872       3.208421869807375E-002
  0.739109238307482       0.225583251264892       3.530751042771082E-002
  0.732964507642110       0.228350760066040       3.868473229190258E-002
  0.727407427049593       0.230372542513515       4.222003043673151E-002
  0.722489956028741       0.231611771359020       4.589827261209058E-002
  0.718192478455112       0.232093407641413       4.971411390348047E-002
  0.714530151624648       0.231801466959852       5.366838141561057E-002
  0.711505222539094       0.230753295864816       5.774148159619555E-002
  0.709159367858999       0.228918302292328       6.192232984865799E-002
  0.707460403451601       0.226335598540423       6.620399800801376E-002
  0.706414648340852       0.223036809480929       7.054854217818279E-002
  0.706016987041237       0.219004248123430       7.497876483537008E-002
  0.706235901843211       0.214309966342101       7.945413181482860E-002
  0.707094182990772       0.208962260809125       8.394355620010122E-002
  0.708547808040271       0.202984904886019       8.846728707356430E-002
  0.710539841186254       0.196482440382623       9.297771843124528E-002
  0.713005127471398       0.189515450470733       9.747942205804061E-002
  0.715977002084954       0.182088622182677       0.101934375732213     
  0.719461459874487       0.174206449671567       0.106332090453806     
  0.723378505339883       0.165922056522187       0.110699438138013     
  0.727653335121019       0.157381384772830       0.114965280106108     
  0.732328288103776       0.148507965451571       0.119163746444803     
  0.737316806291383       0.139443133505202       0.123240060203225     
  0.742462118603464       0.130361537141198       0.127176344255324     
  0.747946560435511       0.121066911054120       0.130986528510223     
  0.753536425614164       0.111822123817409       0.134641450568595     
  0.759106637943914       0.102802414741215       0.138090947314890     
  0.764949260580677       9.362632551308263E-002  0.141424413906221     
  0.770764201780262       8.467437578985584E-002  0.144561422429908     
  0.776525823399037       7.597744727531423E-002  0.147496729325741     
  0.781984226316312       6.782881630123111E-002  0.150186957382378     
  0.787485812832344       5.981264230893327E-002  0.152701544858926     
  0.792848155590893       5.214087024531999E-002  0.155010974163910     
  0.798003895306859       4.490655194904957E-002  0.157089552744028     
  0.802812257230943       3.822732303008505E-002  0.158960419738862     
  0.807128153142437       3.228568605969263E-002  0.160586160797985     
  0.811172640474916       2.681645506067578E-002  0.162010904464513     
  0.814765399257114       2.203369226948179E-002  0.163200908473287     
  0.817848789462325       1.794113727425276E-002  0.164210073263502     
  0.820363979551262       1.464369585475814E-002  0.164992324594088     
  0.822626446834419       1.173436576877038E-002  0.165639187396946     
  0.824273327567194       9.620127646566452E-003  0.166106544786137     
  0.825340172457174       8.248461446753671E-003  0.166411366096092     
  0.825732898814254       7.714592215436462E-003  0.166552508970435     
  0.825643606011685       7.763104869407955E-003  0.166593289118861     
  0.824709259481830       8.807963525832390E-003  0.166482776992126     
  0.823036587696592       1.069398422876247E-002  0.166269428074828     
  0.820723236665782       1.331260098762340E-002  0.165964162346546     
  0.817878342345353       1.646409418749843E-002  0.165657563467330     
  0.814175282934280       2.055878964368335E-002  0.165265927422187     
  0.809810398908228       2.530682677785323E-002  0.164882774314082     
  0.804936123883175       3.054215518176312E-002  0.164521720934870     
  0.799494325175879       3.632325424788889E-002  0.164182420576405     
  0.793489616866415       4.257886488472563E-002  0.163931518248703     
  0.786719432656720       4.948969957491528E-002  0.163790867768494     
  0.779572971811115       5.664018992279381E-002  0.163786838265890     
  0.771500020398531       6.464884211704983E-002  0.163851137484564     
  0.763129392862176       7.272457278716823E-002  0.164146034350506     
  0.754379437937214       8.098420112241185E-002  0.164636360940518     
  0.744887319830372       8.983551478242144E-002  0.165277165387217     
  0.735004610655043       9.882096361555151E-002  0.166174425729449     
  0.724948668025381       0.107680324518333       0.167371007456297     
  0.714487355582387       0.116662787160639       0.168849857257086     
  0.703699325220462       0.125686018637600       0.170614656141826     
  0.692614041493561       0.134729146340405       0.172656812166203     
  0.681372226673531       0.143548049639772       0.175079723686829     
  0.669843613126843       0.152326864121245       0.177829522751916     
  0.658134832949529       0.160955912009615       0.180909255040706     
  0.646366136355818       0.169249158912323       0.184384704731817     
  0.634564415008689       0.177202061077301       0.188233523914047     
  0.622815992970143       0.184714333621463       0.192469673408275     
  0.611122882167836       0.191804984042989       0.197072133789176     
  0.599448783868529       0.198442430563690       0.202108785567885     
  0.587910597721463       0.204555568106621       0.207533834171925     
  0.576508242927872       0.210210262212607       0.213281494859639     
  0.565355274983960       0.215159437927339       0.219485287088807     
  0.554455739178995       0.219527957471228       0.226016303349722     
  0.543872330599236       0.223132670056434       0.232994999344305     
  0.533597520172200       0.226102533268851       0.240299946559074     
  0.523680089629683       0.228432147666420       0.247887762703956     
  0.514180857589345       0.229946248693840       0.255872893716787     
  0.505040681050523       0.230809075962546       0.264150242987022     
  0.496356979503148       0.230959547746762       0.272683472750249     
  0.488135027370248       0.230353306935355       0.281511665694382     
  0.480371388135887       0.229055973051042       0.290572638813029     
  0.473121326075232       0.226957983105907       0.299920690818822     
  0.466336670922881       0.224254102500850       0.309409226576362     
  0.460128918419400       0.220841057676613       0.319030023903999     
  0.454511082534087       0.216830894030248       0.328658023435722     
  0.449306637186773       0.212196121610283       0.338497241203067     
  0.444508037511759       0.207200683374317       0.348291279113868     
  0.440330906764470       0.201380298614998       0.358288794620722     
  0.436679548157570       0.195062872614132       0.368257579228268     
  0.433480274067144       0.188450403890977       0.378069322041973     
  0.430736410211503       0.181485250211400       0.387778339577178     
  0.428546319957971       0.173879517589330       0.397574162452622     
  0.426787463587176       0.166105856298125       0.407106680114700     
  0.425296394536890       0.158363599290083       0.416340006173124     
  0.424483799362527       0.149930693615715       0.425585507021803     
  0.423782508228860       0.141882027820164       0.434335463950826     
  0.423667196676525       0.133364104684283       0.442968698639118     
  0.423696796335876       0.125019109086217       0.451284094578021     
  0.424040738254572       0.116643470795592       0.459315790949831     
  0.424609648760650       0.108629739043112       0.466760612196111     
  0.425570177645423       0.100303726747726       0.474126095606849     
  0.426645913579576       9.230386682968443E-002  0.481050219590828     
  0.428009915187034       8.432617633038682E-002  0.487663908482586     
  0.429312517524723       7.695524334809804E-002  0.493732239127237     
  0.430797080005298       6.974122320113499E-002  0.499461696793653     
  0.432203324477781       6.325765958527550E-002  0.504539015936937     
  0.433742032952847       5.695626606156472E-002  0.509301700985693     
  0.435320441316840       5.099419277976403E-002  0.513685365903417     
  0.436797066675160       4.578333809938975E-002  0.517419595225419     
  0.438192312425981       4.104795697806626E-002  0.520759730595991     
  0.439404843938216       3.708551326982581E-002  0.523509642792005     
  0.440506831139392       3.365282755144498E-002  0.525840341309090     
  0.441164321757590       3.142991335232410E-002  0.527405764889928     
  0.441777656635555       2.948155958233665E-002  0.528740783782336     
  0.442111087028211       2.829369131452989E-002  0.529595221657388     
  0.442403247779348       2.730960555857952E-002  0.530287146661967     
  0.442337966805393       2.717052111743623E-002  0.530491512077086     
  0.441831374905198       2.799243157961149E-002  0.530176193515096     
  0.441187253919862       2.905530071841724E-002  0.529757445361776     
  0.439927870073056       3.141451485171880E-002  0.528657615075114     
  0.438513912841857       3.421263028390202E-002  0.527273456874192     
  0.436633622617881       3.762190173489875E-002  0.525744475647336     
  0.434420642291052       4.153683216448820E-002  0.524042525544328     
  0.431801937603948       4.608815799959440E-002  0.522109904396362     
  0.428670659657991       5.151301973410115E-002  0.519816320608031     
  0.425018730320456       5.769170308829884E-002  0.517289566591164     
  0.421138280793135       6.400514357362244E-002  0.514856575633164     
  0.416826985315052       7.088630742761595E-002  0.512286707257390     
  0.412205659851267       7.795769099923763E-002  0.509836649149486     
  0.407053621670345       8.576052876431389E-002  0.507185849565383     
  0.401550604022573       9.385136643750806E-002  0.504598029540052     
  0.395692758662063       0.102186473220849       0.502120768117016     
  0.389651192352694       0.110357013024371       0.499991794623073     
  0.383356135635312       0.118570553495481       0.498073310869256     
  0.376505103720163       0.127400378607751       0.496094517672130     
  0.369676559038097       0.135654565655875       0.494668875305911     
  0.362287316280361       0.144594095455348       0.493118588264190     
  0.354777204039234       0.153108379133666       0.492114416827144     
  0.347036582137105       0.161496189790324       0.491467228072613     
  0.339240769309498       0.169509521495428       0.491249709195028     
  0.331074180714858       0.177735506011434       0.491190313273746     
  0.322930728017796       0.185253602763586       0.491815669218665     
  0.314683576423423       0.192507823190783       0.492808600385776     
  0.306239687464160       0.199565693666550       0.494194618869128     
  0.297817488077071       0.206147403324493       0.496035108598398     
  0.289319391341109       0.212058183869335       0.498622424789545     
  0.280733382976185       0.217735894945037       0.501530722078776     
  0.272417263070733       0.222566133547416       0.505016603381706     
  0.264001485187553       0.227002730818941       0.508995783993479     
  0.255643825478460       0.230920294841362       0.513435879680139     
  0.247303011003020       0.234321967682599       0.518375021314307     
  0.239106835076004       0.237142980503842       0.523750184420068     
  0.231236781220573       0.239081521118087       0.529681697661378     
  0.223465347958328       0.240154870672446       0.536379781369328     
  0.215962180185961       0.240632031276301       0.543405788537675     
  0.208738542556981       0.240440818109059       0.550820639333835     
  0.201566731722619       0.239738497038309       0.558694771238957     
  0.194853382587936       0.238112720525324       0.567033896886867     
  0.188345381753387       0.235889071425832       0.575765546820928     
  0.182119825938398       0.233157883119208       0.584722290942512     
  0.176122289269200       0.229877609853244       0.594000100877550     
  0.170263281937219       0.226148412282475       0.603588305780315     
  0.164816254766977       0.221512997479637       0.613670747753498     
  0.159710787184504       0.216653726647056       0.623635486168401     
  0.154836394103117       0.211092053718583       0.634071552178199     
  0.150189677775402       0.205143073821380       0.644667248403352     
  0.145901277339362       0.198891945665472       0.655206776995231     
  0.142082609184042       0.192522643519281       0.665394747296534     
  0.138554410693592       0.185923393775125       0.675522195531364     
  0.135144871313091       0.178668904724838       0.686186223962093     
  0.132130218633141       0.171157482678510       0.696712298688510     
  0.129364767729697       0.163766574217515       0.706868658052723     
  0.126857160213069       0.156157196620915       0.716985643165988     
  0.124610357128463       0.148694270014199       0.726695372857377     
  0.122633999677493       0.141185982764996       0.736180017557418     
  0.120814669892457       0.133736752533069       0.745448577574354     
  0.119231995812284       0.126477056956849       0.754290947230771     
  0.117996642553552       0.118993968356993       0.763009389089554     
  0.116924159622244       0.111670144265421       0.771405696112401     
  0.115915224005386       0.105221731913476       0.778863044081005     
  0.115142324653193       9.874662971290871E-002  0.786111045633961     
  0.114723756539094       9.202633095140197E-002  0.793249912509365     
  0.114308336635352       8.622764889209318E-002  0.799464014472379     
  0.113924682072774       8.070218529061955E-002  0.805373132636488     
  0.113568921485146       7.595918483956529E-002  0.810471893675347     
  0.113353413462270       7.224115710646027E-002  0.814405429431167     
  0.113178436628080       6.851161130430029E-002  0.818309952067714     
  0.113071886088610       6.507312086217483E-002  0.821854993049081     
  0.113059665137072       6.280370979731148E-002  0.824136625065741     
  0.113003930803043       6.110782471263923E-002  0.825888244484425     
  0.112898363105426       6.002648606558061E-002  0.827075150829096     
  0.112782522137767       5.956613643690371E-002  0.827651341425166     
  0.112661643021882       5.956138577605584E-002  0.827776971202110     
  0.112570312662233       6.025835855765155E-002  0.827171328780087     
  0.112420687191099       6.115138895347387E-002  0.826427923855279     
  0.112215143207718       6.355573604798093E-002  0.824229120744185     
  0.111857170499202       6.625612535412131E-002  0.821886704146867     
  0.111440347990474       6.911815075755677E-002  0.819441501252067     
  0.110897542290864       7.294454261865123E-002  0.816157915090582     
  0.110278045310995       7.716072782110182E-002  0.812561226867759     
  0.109596959218445       8.170544207983857E-002  0.808697598701713     
  0.108831269671588       8.697334691074786E-002  0.804195383417795     
  0.107982807416993       9.257042966855651E-002  0.799446762914470     
  0.106955388992045       9.913462711766957E-002  0.793909983890239     
  0.105849010844709       0.105818148288884       0.788332840866217     
  0.104830719280824       0.112562012376261       0.782607268342749     
  0.103650659897742       0.119652771553302       0.776696568548929     
  0.102254453121854       0.127289729016905       0.770455817861394     
  0.100803364065678       0.134504361158695       0.764692274775684     
  9.932198619951796E-002  0.142413873784035       0.758264140016362     
  9.775463614338220E-002  0.150393487475720       0.751851876380776     
  9.603069422245697E-002  0.158532065160939       0.745437240616466     
  9.424046483843489E-002  0.167010072364773       0.738749462796849     
  9.239781720945066E-002  0.174827448243995       0.732774734546663     
  9.059796871477523E-002  0.182734015974792       0.726668015310305     
  8.866373111357430E-002  0.190317071329000       0.721019197557418     
  8.673454806723362E-002  0.197946967287513       0.715318484645144     
  8.475550302097509E-002  0.204694630565606       0.710549866413332     
  8.289125417847922E-002  0.211636100127908       0.705472645693529     
  8.086082179636984E-002  0.218399612692530       0.700739565511226     
  7.877255971201594E-002  0.224430669899392       0.696796770388535     
  7.692266995715367E-002  0.230096863687890       0.692980466354783     
  7.496540008829285E-002  0.235399244489638       0.689635355422171     
  7.300328153593438E-002  0.240326566207426       0.686670152256728     
  7.134435984689556E-002  0.244753801166436       0.683901838986694     
  6.943145797415989E-002  0.248580283643677       0.681988258382131     
  6.747010937959265E-002  0.251775528011706       0.680754362608775     
  6.565873227919593E-002  0.254216384620576       0.680124883100197     
  6.389488885155907E-002  0.256136081671868       0.679969029476646     
  6.229299724517796E-002  0.257666522873703       0.680040479881082     
  6.068965033188084E-002  0.258450893964135       0.680859455703922     
  5.941083014133800E-002  0.258456490410908       0.682132679447826     
  5.791808237404238E-002  0.258211775240881       0.683870142385206     
  5.656411810034963E-002  0.257525959950439       0.685909921949252     
  5.536619204339523E-002  0.255877774659853       0.688756033296815     
  5.395971858819031E-002  0.253604683205559       0.692435598206414     
  5.280870189478766E-002  0.250756041142627       0.696435256962529     
  5.180879306809437E-002  0.248223158841265       0.699968048090572     
  5.077313016550133E-002  0.244708627315225       0.704518242519239     
  4.972088794756527E-002  0.240322070608744       0.709957041443578     
  4.899532436095003E-002  0.235668462941451       0.715336212697674     
  4.807790079031068E-002  0.231046144125121       0.720875955084684     
  4.743078533666548E-002  0.225802857568748       0.726766357094393     
  4.688156788373424E-002  0.220211987753154       0.732906444363176     
  4.638935708446049E-002  0.214255257172310       0.739355385743372     
  4.597930128332738E-002  0.208017157327742       0.746003541389090     
  4.533264843733614E-002  0.201271876648446       0.753395474914121     
  4.503315478308972E-002  0.194719525181855       0.760247320034957     
  4.501342708925581E-002  0.188060377889851       0.766926195020834     
  4.469884151647330E-002  0.181703399340955       0.773597759142687     
  4.445240504027900E-002  0.174700998654262       0.780846596305551     
  4.437964107232648E-002  0.168371188454967       0.787249170472883     
  4.399770107212252E-002  0.161357628364808       0.794644670563142     
  4.397477190687494E-002  0.154888095053215       0.801137133040040     
  4.380634584324592E-002  0.148684142228175       0.807509511928428     
  4.378782044207217E-002  0.142410837387399       0.813801342170598     
  4.360579863440640E-002  0.136869677092029       0.819524524273712     
  4.347793297532876E-002  0.131388111548826       0.825133955475938     
  4.341713093166055E-002  0.126343818772463       0.830239050295977     
  4.338506278181777E-002  0.121521777369388       0.835093159848962     
  4.354223095227734E-002  0.117009987112032       0.839447781935753     
  4.369306336644831E-002  0.112877884503649       0.843429052129819     
  4.385036417290002E-002  0.109710813413910       0.846438822413178     
  4.387552610479691E-002  0.106423254911637       0.849701218983629     
  4.373445661553543E-002  0.103954952303079       0.852310591081470     
  4.391443197788820E-002  0.102171632356601       0.853913935665639     
  4.387201215364714E-002  0.100730690946018       0.855397296900450     
  4.399606439340158E-002  0.100273069371951       0.855730866234837     
  4.427905501409794E-002  9.986203633239055E-002  0.855858908653413     
  4.426738162653815E-002  9.988622971441666E-002  0.855846388658888     
  4.431082703333411E-002  0.100554671712502       0.855134501254244     
  4.447811206471786E-002  0.102158403752826       0.853363484182313     
  4.474336198570496E-002  0.104628849308193       0.850627788705934     
  4.507966698427066E-002  0.107127669810913       0.847792663204689     
  4.535389822127612E-002  0.110136384697325       0.844509717081470     
  4.567004290681173E-002  0.114212583935185       0.840117373157972     
  4.601292626405143E-002  0.118078004683678       0.835909069052050     
  4.653302913955358E-002  0.122599061186802       0.830867909673758     
  4.718529041146294E-002  0.127829113132354       0.824985596456109     
  4.786672123323674E-002  0.133569777820447       0.818563500946393     
  4.879660176804526E-002  0.139306077577689       0.811897320654120     
  4.972960308219206E-002  0.145612423367358       0.804657973550283     
  5.074026224805886E-002  0.152120528509771       0.797139209242062     
  5.176033293391579E-002  0.158468169839325       0.789771497226846     
  5.295836594252265E-002  0.165509050709240       0.781532583348099     
  5.437055644825997E-002  0.173113487070435       0.772515956481333     
  5.587090402981217E-002  0.179988986801370       0.764140109168864     
  5.756414350950702E-002  0.186976812572048       0.755459043918488     
  5.926054820224116E-002  0.193957432680061       0.746782019117806     
  6.122024631966540E-002  0.201177447197421       0.737602306482796     
  6.330073457349610E-002  0.207999901395383       0.728699364031250     
  6.554212602075647E-002  0.214756409790691       0.719701464188656     
  6.811867365629230E-002  0.221372120556114       0.710509205787502     
  7.094429910278323E-002  0.228142089786644       0.700913611110713     
  7.379652302705951E-002  0.234295443948248       0.691908033024666     
  7.681118072705383E-002  0.240281816199117       0.682907003073954     
  7.995884991927714E-002  0.246147978210278       0.673893171870557     
  8.348418470042623E-002  0.251637063511904       0.664878751787576     
  8.715188373457919E-002  0.256667535705885       0.656180580559644     
  9.094828571442980E-002  0.261138547908942       0.647913166376765     
  9.484710241364232E-002  0.265222029600102       0.639930867986126     
  9.896065156738981E-002  0.268328331395426       0.632711017037061     
  0.103188270035399       0.271100978175434       0.625710751789131     
  0.107471237969348       0.273691413055305       0.618837348975379     
  0.111959758575463       0.275341216411252       0.612699025013389     
  0.116445407748008       0.276799018826384       0.606755573425617     
  0.121141819642924       0.277660813439499       0.601197366917578     
  0.126011986544712       0.278003603500329       0.595984409954906     
  0.130736030618574       0.278103115380540       0.591160854000766     
  0.135550645970674       0.277331785529056       0.587117568500197     
  0.140496489675916       0.276084578072092       0.583418932252061     
  0.145533627293074       0.274192268872053       0.580274103834888     
  0.150650059402802       0.271713582388740       0.577636358208546     
  0.155705188140774       0.268705722378362       0.575589089481006     
  0.160735161266093       0.265301829077942       0.573963009656096     
  0.165825165422478       0.261818298265671       0.572356536311806     
  0.170910029527231       0.257560918104060       0.571529052368759     
  0.175778588440267       0.252962114959318       0.571259296600362     
  0.180778411399968       0.247899023084690       0.571322565515352     
  0.185857347841765       0.242620639720685       0.571522012437529     
  0.190618890427890       0.237285451854288       0.572095657717832     
  0.195137431071312       0.231616170649882       0.573246398278924     
  0.199693710243956       0.226023709159317       0.574282580596642     
  0.204054731046303       0.219971854434024       0.575973414519765     
  0.208283422463017       0.213775478888100       0.577941098648797     
  0.212477976902512       0.207635979235298       0.579886043862085     
  0.216518820987748       0.201293611598101       0.582187567414268     
  0.220126724646355       0.195110971940056       0.584762303413591     
  0.223743097088725       0.188548405006912       0.587708497904367     
  0.227060131129323       0.182354412403718       0.590585456466893     
  0.230278677664458       0.176373281471293       0.593348040864323     
  0.233140391012662       0.170829729336475       0.596029879650961     
  0.235967518456619       0.165772770531672       0.598259711011599     
  0.238495065877105       0.160777974375786       0.600726959747100     
  0.240940889166632       0.155899150538656       0.603159960294775     
  0.243021538839658       0.151420486871120       0.605557974289145     
  0.244854123336971       0.147424098188832       0.607721778474269     
  0.246388822366908       0.143756379912557       0.609854797720464     
  0.247804887266226       0.140390015911059       0.611805096822683     
  0.249118723816995       0.137928010883161       0.612953265299876     
  0.250017592796673       0.135830348558016       0.614152058645169     
  0.250806354721840       0.134135947376046       0.615057697902073     
  0.251418015592302       0.132730227631638       0.615851756776134     
  0.251763575002012       0.132316730524417       0.615919694473522     
  0.251996896643941       0.132057708442130       0.615945394914037     
  0.252319831473554       0.132143790995332       0.615536377531141     
  0.252392319702959       0.132926789251426       0.614680891045649     
  0.252471519264360       0.133998914959095       0.613529565776545     
  0.252300853410024       0.136359868752190       0.611339277837712     
  0.252167386512820       0.138492763200069       0.609339850287069     
  0.251920958325367       0.140948197714522       0.607130843960126     
  0.251684877223474       0.143961831904788       0.604353290871664     
  0.251365117357614       0.148047700762492       0.600587181879798     
  0.251271831268359       0.152042446284812       0.596685722446846     
  0.251130156275059       0.156362148968972       0.592507694755873     
  0.251067082628230       0.161227190815593       0.587705726556173     
  0.251129663354486       0.166072860461692       0.582797476183909     
  0.251215986612256       0.171311361379217       0.577472652008593     
  0.251422405956854       0.176834482174365       0.571743111868774     
  0.251889479542142       0.182530236837841       0.565580283620070     
  0.252413287156816       0.188771442972517       0.558815269870736     
  0.253243370448816       0.194902694852632       0.551853934698442     
  0.254237471204579       0.201389916229991       0.544372612565436     
  0.255396187080885       0.207675940976668       0.536927871942563     
  0.256836396846844       0.214038213291589       0.529125389861553     
  0.258631650119993       0.220487439742130       0.520880910137902     
  0.260638158844763       0.226842562955123       0.512519278200093     
  0.262950113241515       0.232975934909386       0.504073951849168     
  0.265549379736017       0.239207649052959       0.495242971211025     
  0.268559857458562       0.245113194905492       0.486326947635946     
  0.271793841739367       0.250725432268678       0.477480725992013     
  0.275330165126633       0.256204494371707       0.468465340501678     
  0.279260101772266       0.261278000467735       0.459461897760002     
  0.283549739307640       0.266086111559874       0.450364149132503     
  0.288247545390315       0.270336508445213       0.441415946164485     
  0.293181890652195       0.274117481787110       0.432700627560746     
  0.298455839224300       0.277586141420385       0.423958019355252     
  0.303989402869417       0.280654848736880       0.415355748393692     
  0.309995585630600       0.283210245260614       0.406794169108820     
  0.316188929198392       0.285337440141506       0.398473630660100     
  0.322843581796192       0.286842656054174       0.390313762149565     
  0.329586891942681       0.288292495538704       0.382120612518745     
  0.336803645576020       0.288747239231570       0.374449115192387     
  0.343972166983985       0.289057804267457       0.366970028748516     
  0.351607921291534       0.288590336103431       0.359801742604967     
  0.359282580771925       0.287823290373313       0.352894128854763     
  0.367109196719648       0.286639070429384       0.346251732850966     
  0.375184708545310       0.284837862901099       0.339977428553568     
  0.383337055651385       0.282584238400914       0.334078705947716     
  0.391569488048572       0.279937225828305       0.328493286123171     
  0.400054975015826       0.276642028161141       0.323302996823026     
  0.408547159311021       0.273046164414794       0.318406676274314     
  0.417080861662493       0.269214734314804       0.313704404022745     
  0.425718125002451       0.264839985880996       0.309441889116565     
  0.434176958649692       0.260382446336685       0.305440595013516     
  0.442323306452994       0.255897009470861       0.301779684076126     
  0.450772085490401       0.250577292063149       0.298650622446473     
  0.459123794978931       0.245048028406385       0.295828176614663     
  0.467170343956839       0.239529948702828       0.293299707340378     
  0.475093417686983       0.233785025741455       0.291121556571541     
  0.482773202227256       0.228207274734726       0.289019523038055     
  0.490334254864270       0.222209977295103       0.287455767840645     
  0.497633029870032       0.216260953852940       0.286106016276990     
  0.504535581016302       0.210526644155485       0.284937774828175     
  0.511228521038612       0.204757667913469       0.284013811047933     
  0.517637950587048       0.199088500076457       0.283273549336482     
  0.523795329065312       0.193342714748953       0.282861956185681     
  0.529711136526490       0.187827987533838       0.282460875939686     
  0.535063868989813       0.182664540334240       0.282271590675910     
  0.539971876741755       0.177809856688936       0.282218266569201     
  0.544749396504586       0.172995860847210       0.282254742648226     
  0.548766792888555       0.169005370928423       0.282227836183032     
  0.552601130106382       0.165073628583308       0.282325241310400     
  0.555881430377692       0.161597760011030       0.282520809611293     
  0.558805713093265       0.158405736424557       0.282788550482225     
  0.561315502782031       0.155771541738206       0.282912955479704     
  0.563392608078890       0.153555546544074       0.283051845376955     
  0.565217954995359       0.151632171252644       0.283149873752129     
  0.566627567008477       0.150203932469167       0.283168500522329     
  0.567536403752981       0.149273155687262       0.283190440559765     
  0.568220724207428       0.148754788576506       0.283024487216100     
  0.568507744105163       0.148825557667525       0.282666698227362     
  0.568197241482723       0.149616571067769       0.282186187449536     
  0.567717913244522       0.150700200189180       0.281581886566370     
  0.567064233825062       0.152023193971210       0.280912572203694     
  0.565993228500983       0.153999245100722       0.280007526398245     
  0.564548874014202       0.156533011872832       0.278918114112964     
  0.563134056163129       0.159240335212928       0.277625608623895     
  0.561328984728843       0.162683492716297       0.275987522554779     
  0.559623876721508       0.166030999323737       0.274345123954759     
  0.557644751704366       0.169892215640639       0.272463032655068     
  0.555539279190918       0.174008454585346       0.270452266223709     
  0.553056057874516       0.178865355150577       0.268078586974941     
  0.550807754146760       0.183632179424036       0.265560066429165     
  0.548590647063661       0.188697612789782       0.262711740146542     
  0.546189981188274       0.194129320708640       0.259680698103075     
  0.543742723802168       0.199760895992307       0.256496380205592     
  0.541465786909471       0.205384651884622       0.253149561205974     
  0.539326643395618       0.211133147651523       0.249540208952949     
  0.537323860276942       0.216985338763998       0.245690800959047     
  0.535554258743052       0.222670703771670       0.241775037485190     
  0.533917779705635       0.228427100683187       0.237655119611170     
  0.532443970261529       0.234147354972409       0.233408674766063     
  0.531092842253535       0.239938269080533       0.228968888665931     
  0.530100573330221       0.245483380712478       0.224416045957308     
  0.529381732998402       0.250808753660055       0.219809513341504     
  0.529167049249506       0.255865963143186       0.214966987607376     
  0.529135985048548       0.260706050917220       0.210157964034213     
  0.529339803291318       0.265499914582138       0.205160282126569     
  0.530017508628420       0.269797769209828       0.200184722161845     
  0.531102303413923       0.273649524427173       0.195248172159008     
  0.532449452952680       0.277270059208511       0.190280487838764     
  0.534263263201691       0.280420483904533       0.185316252893851     
  0.536718233808200       0.283091935915945       0.180189830275866     
  0.539341032051536       0.285433847358141       0.175225120590293     
  0.542533450484393       0.287182505521141       0.170284043994410     
  0.545993912652527       0.288648027080883       0.165358060266642     
  0.549927147841346       0.289587275459376       0.160485576699379     
  0.554211245944631       0.290006217540585       0.155782536514708     
  0.558840697517650       0.289999655389149       0.151159647093185     
  0.563769834181176       0.289620511946560       0.146609653872314     
  0.569135147004148       0.288704997453850       0.142159855541994     
  0.574952308858181       0.287235784632758       0.137811906509076     
  0.581022791301656       0.285353476098490       0.133623732599929     
  0.587412009160516       0.283011144765590       0.129576846073890     
  0.594130902205998       0.280301303892184       0.125567793901713     
  0.600948534935115       0.277218981650410       0.121832483414442     
  0.608205009518092       0.273582737356926       0.118212253125041     
  0.615593175120500       0.269643168959645       0.114763655919747     
  0.623313291412601       0.265201360128852       0.111485348458500     
  0.630953859069408       0.260625934856921       0.108420206073632     
  0.638603806886482       0.255913646783860       0.105482546329589     
  0.646395222701487       0.250885977039411       0.102718800259208     
  0.654221829777292       0.245634456985124       0.100143713237690     
  0.662118819043782       0.240290201959516       9.759097899667392E-002
  0.669997334148652       0.234760179140384       9.524248671104982E-002
  0.677810638782118       0.229089738377293       9.309962284057290E-002
  0.685467649789701       0.223395402067618       9.113694814257628E-002
  0.692942790531660       0.217717998414541       8.933921105368078E-002
  0.700322992585723       0.211983104592008       8.769390282213953E-002
  0.707379116833257       0.206390958813209       8.622992435355686E-002
  0.714272922656075       0.200835520573305       8.489155677054150E-002
  0.720707253392226       0.195624097457515       8.366864915010301E-002
  0.727122946114355       0.190289006220277       8.258804766535824E-002
  0.733083544397709       0.185295682054310       8.162077354793359E-002
  0.738827108421492       0.180579044008596       8.059384757004366E-002
  0.744032620694393       0.176143306536682       7.982407276889222E-002
  0.748886575460032       0.171931168793222       7.918225574683914E-002
  0.753431190231504       0.167953747518798       7.861506224970183E-002
  0.757456838429029       0.164382664656685       7.816049691434795E-002
  0.760858918438427       0.161409223145779       7.773185841589535E-002
  0.763959394371751       0.158643954623658       7.739665100468746E-002
  0.766461176403835       0.156464659028775       7.707416456735586E-002
  0.768416805900480       0.154696678755046       7.688651534455525E-002
  0.769976472556463       0.153279052121140       7.674447532233161E-002
  0.771022475832828       0.152344596889893       7.663292727716575E-002
  0.771608157819771       0.151922705620059       7.646913656023975E-002
  0.771586794604945       0.152075668483040       7.633753691206725E-002
  0.771176946050694       0.152471219598321       7.635183435092713E-002
  0.770109866356049       0.153520636108534       7.636949753552784E-002
  0.768778789794135       0.154802766014865       7.641844419091413E-002
  0.766949109508056       0.156628582518853       7.642230797300149E-002
  0.764883129261770       0.158722870215609       7.639400052257236E-002
  0.762188717107953       0.161332140656137       7.647914223594474E-002
  0.759111248908126       0.164323739845688       7.656501124619472E-002
  0.755696274820804       0.167624008446462       7.667971673271667E-002
  0.751999610396206       0.171216840020323       7.678354958335644E-002
  0.747885268351900       0.175190623417472       7.692410823076540E-002
  0.743390054867092       0.179541446485895       7.706849864705076E-002
  0.738774370408325       0.184030811909921       7.719481768168536E-002
